RIError		RIEVError		MaxRank			MError		MEVError			JDError		JDEVError	
0.3504		0.0642338805805		2			0.3482          0.0635028608085			0.3574          0.0670637651885 
0.2821          0.0436261005099        	4			0.2934          0.0458209640533			0.3021          0.048814297449
0.208           0.0235588457983		8			0.1945          0.0209494393548			0.2185          0.0259895280156
0.1219          0.00784230309961        16			0.1191          0.0075397544341 		0.1218          0.00807732121901  
0.05714         0.00138079060243	32			0.03689         0.000461218982743          	0.1011          0.00573742276559
0.01245         3.58964660663e-05	64			0.0109          2.98533820811e-05		0.01251         3.68970001219e-05
0.0006111       2.54531684618e-08	128			0.0006057       1.72230869566e-08		0.0006195       2.78302394463e-08
2.165e-13       1.36211042445e-11      	260			5.219e-10       1.3571366253e-11   		3.012e-06       2.29647412198e-11 

